1 3 0 2
1 3 2 0
0 3 1 2
2 1 3 0
2 0 3 1
0 2 3 1
3 2 0 1
3 2 1 0
3 0 1 2
1 0 2 3
3 1 2 4 7 5 6 0 8
3 1 2 4 0 8 6 5 7
1 2 5 3 7 4 6 8 0
1 4 2 3 5 8 6 0 7
3 1 2 6 5 0 7 4 8
1 2 5 7 4 8 3 6 0
3 2 5 4 1 8 0 6 7
1 4 0 6 3 2 7 8 5
3 2 0 6 1 4 7 8 5
1 2 5 6 0 8 7 4 3
1 2 0 6 4 3 7 8 5
3 2 5 6 1 8 7 4 0
1 2 5 6 3 4 7 8 0
3 1 4 6 5 2 7 8 0
4 2 5 1 3 8 0 6 7
1 5 2 3 8 4 6 0 12 9 11 7 13 14 10 15
1 2 6 3 4 9 5 0 12 10 14 7 13 8 15 11
4 2 3 7 5 1 10 6 8 13 9 0 12 14 15 11
1 5 2 3 6 8 10 7 4 13 11 15 12 14 9 0
4 2 3 7 8 1 5 11 9 13 6 15 12 14 10 0
1 2 6 3 9 5 7 11 13 8 0 15 4 12 10 14
1 2 6 3 8 4 7 11 12 5 9 10 13 14 0 15
4 0 1 2 5 9 6 3 12 10 14 7 13 8 15 11
1 5 3 7 8 4 2 11 12 6 9 15 13 0 10 14
1 2 7 6 8 4 5 3 12 10 11 15 13 9 0 14